degree  1:   1 pts  [[3]]                                     1 valid  cond 1.0e+00  iters 1  (3.5 s)
degree  2:   3 pts  [[2, 1]]                                  2 valid  cond 2.6e+00  iters 3  (0.0 s)
degree  3:   6 pts  [[1, 1, 1]]                               1 valid  cond 2.0e+00  iters 3  (0.0 s)
degree  4:   6 pts  [[2, 1], [2, 1]]                          1 valid  cond 3.3e+00  iters 3  (0.1 s)
degree  5:   7 pts  [[2, 1], [2, 1], [3]]                     1 valid  cond 4.8e+00  iters 4  (0.3 s)
degree  6:  12 pts  [[1, 1, 1], [2, 1], [2, 1]]               2 valid  cond 5.8e+00  iters 3  (0.3 s)
degree  7:  15 pts  [[1, 1, 1], [1, 1, 1], [2, 1]]            2 valid  cond 1.2e+01  iters 4  (0.2 s)
degree  8:  16 pts  [[1, 1, 1], [2, 1], [2, 1], [2, 1], [3]]  1 valid  cond 1.0e+01  iters 4  (0.5 s)
degree  9:  19 pts  [[1, 1, 1], [2, 1], [2, 1], [2, 1], [2, 1], [3]]  1 valid  cond 4.2e+01  iters 4  (0.7 s)
degree 10:  25 pts  [[1, 1, 1], [1, 1, 1], [1, 1, 1], [2, 1], [2, 1], [3]]  4 valid  cond 3.4e+01  iters 4  (0.6 s)
degree 11:  28 pts  [[1, 1, 1], [1, 1, 1], [2, 1], [2, 1], [2, 1], [2, 1], [2, 1], [3]]  12 valid  cond 1.0e+01  iters 3  (3.3 s)
degree 12:  33 pts  [[1, 1, 1], [1, 1, 1], [1, 1, 1], [2, 1], [2, 1], [2, 1], [2, 1], [2, 1]]  2 valid  cond 3.7e+01  iters 3  (2.1 s)
degree 13:  37 pts  [[1, 1, 1], [1, 1, 1], [1, 1, 1], [1, 1, 1], [2, 1], [2, 1], [2, 1], [2, 1], [3]]  2 valid  cond 6.5e+01  iters 4  (2.9 s)
degree 14:  42 pts  [[1, 1, 1], [1, 1, 1], [1, 1, 1], [1, 1, 1], [2, 1], [2, 1], [2, 1], [2, 1], [2, 1], [2, 1]]  1 valid  cond 5.3e+01  iters 3  (3.4 s)
degree 15:  49 pts  [[1, 1, 1], [1, 1, 1], [1, 1, 1], [1, 1, 1], [1, 1, 1], [1, 1, 1], [2, 1], [2, 1], [2, 1], [2, 1], [3]]  4 valid  cond 9.8e+01  iters 3  (4.8 s)
degree 16:  55 pts  [[1, 1, 1], [1, 1, 1], [1, 1, 1], [1, 1, 1], [1, 1, 1], [1, 1, 1], [1, 1, 1], [2, 1], [2, 1], [2, 1], [2, 1], [3]]  6 valid  cond 5.9e+01  iters 4  (12.0 s)
degree 17:  60 pts  [[1, 1, 1], [1, 1, 1], [1, 1, 1], [1, 1, 1], [1, 1, 1], [1, 1, 1], [1, 1, 1], [2, 1], [2, 1], [2, 1], [2, 1], [2, 1], [2, 1]]  5 valid  cond 1.0e+02  iters 4  (15.6 s)
degree 18:  67 pts  [[1, 1, 1], [1, 1, 1], [1, 1, 1], [1, 1, 1], [1, 1, 1], [1, 1, 1], [1, 1, 1], [1, 1, 1], [2, 1], [2, 1], [2, 1], [2, 1], [2, 1], [2, 1], [3]]  1 valid  cond 1.3e+02  iters 3  (19.2 s)
degree 19:  73 pts  [[1, 1, 1], [1, 1, 1], [1, 1, 1], [1, 1, 1], [1, 1, 1], [1, 1, 1], [1, 1, 1], [1, 1, 1], [1, 1, 1], [2, 1], [2, 1], [2, 1], [2, 1], [2, 1], [2, 1], [3]]  2 valid  cond 1.1e+02  iters 3  (20.2 s)
degree 20:  79 pts  [[1, 1, 1], [1, 1, 1], [1, 1, 1], [1, 1, 1], [1, 1, 1], [1, 1, 1], [1, 1, 1], [1, 1, 1], [1, 1, 1], [2, 1], [2, 1], [2, 1], [2, 1], [2, 1], [2, 1], [2, 1], [2, 1], [3]]  1 valid  cond 1.6e+02  iters 3  (23.5 s)
